200.0 10.0 5.0 
200.0 2.7639320225002106 5.0 
200.0 7.23606797749979 5.0 
210.0 10.0 5.0 
210.0 2.7639320225002106 5.0 
210.0 7.23606797749979 5.0 
207.2360679774998 10.0 5.0 
202.7639320225002 10.0 5.0 
202.7639320225002 2.7639320225002106 5.0 
207.2360679774998 2.7639320225002106 5.0 
207.2360679774998 7.23606797749979 5.0 
202.7639320225002 7.23606797749979 5.0 
220.0 10.0 5.0 
220.0 2.7639320225002106 5.0 
220.0 7.23606797749979 5.0 
217.2360679774998 10.0 5.0 
212.7639320225002 10.0 5.0 
212.7639320225002 2.7639320225002106 5.0 
217.2360679774998 2.7639320225002106 5.0 
217.2360679774998 7.23606797749979 5.0 
212.7639320225002 7.23606797749979 5.0 
230.0 10.0 5.0 
230.0 2.7639320225002106 5.0 
230.0 7.23606797749979 5.0 
227.2360679774998 10.0 5.0 
222.7639320225002 10.0 5.0 
222.7639320225002 2.7639320225002106 5.0 
227.2360679774998 2.7639320225002106 5.0 
227.2360679774998 7.23606797749979 5.0 
222.7639320225002 7.23606797749979 5.0 
240.0 10.0 5.0 
240.0 2.7639320225002106 5.0 
240.0 7.23606797749979 5.0 
237.2360679774998 10.0 5.0 
232.7639320225002 10.0 5.0 
232.7639320225002 2.7639320225002106 5.0 
237.2360679774998 2.7639320225002106 5.0 
237.2360679774998 7.23606797749979 5.0 
232.7639320225002 7.23606797749979 5.0 
250.0 10.0 5.0 
250.0 2.7639320225002106 5.0 
250.0 7.23606797749979 5.0 
247.2360679774998 10.0 5.0 
242.7639320225002 10.0 5.0 
242.7639320225002 2.7639320225002106 5.0 
247.2360679774998 2.7639320225002106 5.0 
247.2360679774998 7.23606797749979 5.0 
242.7639320225002 7.23606797749979 5.0 
260.0 10.0 5.0 
260.0 2.7639320225002106 5.0 
260.0 7.23606797749979 5.0 
257.2360679774998 10.0 5.0 
252.7639320225002 10.0 5.0 
252.7639320225002 2.7639320225002106 5.0 
257.2360679774998 2.7639320225002106 5.0 
257.2360679774998 7.23606797749979 5.0 
252.7639320225002 7.23606797749979 5.0 
270.0 10.0 5.0 
270.0 2.7639320225002106 5.0 
270.0 7.23606797749979 5.0 
267.2360679774998 10.0 5.0 
262.7639320225002 10.0 5.0 
262.7639320225002 2.7639320225002106 5.0 
267.2360679774998 2.7639320225002106 5.0 
267.2360679774998 7.23606797749979 5.0 
262.7639320225002 7.23606797749979 5.0 
280.0 10.0 5.0 
280.0 2.7639320225002106 5.0 
280.0 7.23606797749979 5.0 
277.2360679774998 10.0 5.0 
272.7639320225002 10.0 5.0 
272.7639320225002 2.7639320225002106 5.0 
277.2360679774998 2.7639320225002106 5.0 
277.2360679774998 7.23606797749979 5.0 
272.7639320225002 7.23606797749979 5.0 
290.0 10.0 5.0 
290.0 2.7639320225002106 5.0 
290.0 7.23606797749979 5.0 
287.2360679774998 10.0 5.0 
282.7639320225002 10.0 5.0 
282.7639320225002 2.7639320225002106 5.0 
287.2360679774998 2.7639320225002106 5.0 
287.2360679774998 7.23606797749979 5.0 
282.7639320225002 7.23606797749979 5.0 
300.0 10.0 5.0 
300.0 2.7639320225002106 5.0 
300.0 7.23606797749979 5.0 
297.2360679774998 10.0 5.0 
292.7639320225002 10.0 5.0 
292.7639320225002 2.7639320225002106 5.0 
297.2360679774998 2.7639320225002106 5.0 
297.2360679774998 7.23606797749979 5.0 
292.7639320225002 7.23606797749979 5.0 
200.0 20.0 5.0 
200.0 12.76393202250021 5.0 
200.0 17.23606797749979 5.0 
210.0 20.0 5.0 
210.0 12.76393202250021 5.0 
210.0 17.23606797749979 5.0 
207.2360679774998 20.0 5.0 
202.7639320225002 20.0 5.0 
202.7639320225002 12.76393202250021 5.0 
207.2360679774998 12.76393202250021 5.0 
207.2360679774998 17.23606797749979 5.0 
202.7639320225002 17.23606797749979 5.0 
220.0 20.0 5.0 
220.0 12.76393202250021 5.0 
220.0 17.23606797749979 5.0 
217.2360679774998 20.0 5.0 
212.7639320225002 20.0 5.0 
212.7639320225002 12.76393202250021 5.0 
217.2360679774998 12.76393202250021 5.0 
217.2360679774998 17.23606797749979 5.0 
212.7639320225002 17.23606797749979 5.0 
230.0 20.0 5.0 
230.0 12.76393202250021 5.0 
230.0 17.23606797749979 5.0 
227.2360679774998 20.0 5.0 
222.7639320225002 20.0 5.0 
222.7639320225002 12.76393202250021 5.0 
227.2360679774998 12.76393202250021 5.0 
227.2360679774998 17.23606797749979 5.0 
222.7639320225002 17.23606797749979 5.0 
240.0 20.0 5.0 
240.0 12.76393202250021 5.0 
240.0 17.23606797749979 5.0 
237.2360679774998 20.0 5.0 
232.7639320225002 20.0 5.0 
232.7639320225002 12.76393202250021 5.0 
237.2360679774998 12.76393202250021 5.0 
237.2360679774998 17.23606797749979 5.0 
232.7639320225002 17.23606797749979 5.0 
250.0 20.0 5.0 
250.0 12.76393202250021 5.0 
250.0 17.23606797749979 5.0 
247.2360679774998 20.0 5.0 
242.7639320225002 20.0 5.0 
242.7639320225002 12.76393202250021 5.0 
247.2360679774998 12.76393202250021 5.0 
247.2360679774998 17.23606797749979 5.0 
242.7639320225002 17.23606797749979 5.0 
260.0 20.0 5.0 
260.0 12.76393202250021 5.0 
260.0 17.23606797749979 5.0 
257.2360679774998 20.0 5.0 
252.7639320225002 20.0 5.0 
252.7639320225002 12.76393202250021 5.0 
257.2360679774998 12.76393202250021 5.0 
257.2360679774998 17.23606797749979 5.0 
252.7639320225002 17.23606797749979 5.0 
270.0 20.0 5.0 
270.0 12.76393202250021 5.0 
270.0 17.23606797749979 5.0 
267.2360679774998 20.0 5.0 
262.7639320225002 20.0 5.0 
262.7639320225002 12.76393202250021 5.0 
267.2360679774998 12.76393202250021 5.0 
267.2360679774998 17.23606797749979 5.0 
262.7639320225002 17.23606797749979 5.0 
280.0 20.0 5.0 
280.0 12.76393202250021 5.0 
280.0 17.23606797749979 5.0 
277.2360679774998 20.0 5.0 
272.7639320225002 20.0 5.0 
272.7639320225002 12.76393202250021 5.0 
277.2360679774998 12.76393202250021 5.0 
277.2360679774998 17.23606797749979 5.0 
272.7639320225002 17.23606797749979 5.0 
290.0 20.0 5.0 
290.0 12.76393202250021 5.0 
290.0 17.23606797749979 5.0 
287.2360679774998 20.0 5.0 
282.7639320225002 20.0 5.0 
282.7639320225002 12.76393202250021 5.0 
287.2360679774998 12.76393202250021 5.0 
287.2360679774998 17.23606797749979 5.0 
282.7639320225002 17.23606797749979 5.0 
300.0 20.0 5.0 
300.0 12.76393202250021 5.0 
300.0 17.23606797749979 5.0 
297.2360679774998 20.0 5.0 
292.7639320225002 20.0 5.0 
292.7639320225002 12.76393202250021 5.0 
297.2360679774998 12.76393202250021 5.0 
297.2360679774998 17.23606797749979 5.0 
292.7639320225002 17.23606797749979 5.0 
200.0 30.0 5.0 
200.0 22.76393202250021 5.0 
200.0 27.23606797749979 5.0 
210.0 30.0 5.0 
210.0 22.76393202250021 5.0 
210.0 27.23606797749979 5.0 
207.2360679774998 30.0 5.0 
202.7639320225002 30.0 5.0 
202.7639320225002 22.76393202250021 5.0 
207.2360679774998 22.76393202250021 5.0 
207.2360679774998 27.23606797749979 5.0 
202.7639320225002 27.23606797749979 5.0 
220.0 30.0 5.0 
220.0 22.76393202250021 5.0 
220.0 27.23606797749979 5.0 
217.2360679774998 30.0 5.0 
212.7639320225002 30.0 5.0 
212.7639320225002 22.76393202250021 5.0 
217.2360679774998 22.76393202250021 5.0 
217.2360679774998 27.23606797749979 5.0 
212.7639320225002 27.23606797749979 5.0 
230.0 30.0 5.0 
230.0 22.76393202250021 5.0 
230.0 27.23606797749979 5.0 
227.2360679774998 30.0 5.0 
222.7639320225002 30.0 5.0 
222.7639320225002 22.76393202250021 5.0 
227.2360679774998 22.76393202250021 5.0 
227.2360679774998 27.23606797749979 5.0 
222.7639320225002 27.23606797749979 5.0 
240.0 30.0 5.0 
240.0 22.76393202250021 5.0 
240.0 27.23606797749979 5.0 
237.2360679774998 30.0 5.0 
232.7639320225002 30.0 5.0 
232.7639320225002 22.76393202250021 5.0 
237.2360679774998 22.76393202250021 5.0 
237.2360679774998 27.23606797749979 5.0 
232.7639320225002 27.23606797749979 5.0 
250.0 30.0 5.0 
250.0 22.76393202250021 5.0 
250.0 27.23606797749979 5.0 
247.2360679774998 30.0 5.0 
242.7639320225002 30.0 5.0 
242.7639320225002 22.76393202250021 5.0 
247.2360679774998 22.76393202250021 5.0 
247.2360679774998 27.23606797749979 5.0 
242.7639320225002 27.23606797749979 5.0 
260.0 30.0 5.0 
260.0 22.76393202250021 5.0 
260.0 27.23606797749979 5.0 
257.2360679774998 30.0 5.0 
252.7639320225002 30.0 5.0 
252.7639320225002 22.76393202250021 5.0 
257.2360679774998 22.76393202250021 5.0 
257.2360679774998 27.23606797749979 5.0 
252.7639320225002 27.23606797749979 5.0 
270.0 30.0 5.0 
270.0 22.76393202250021 5.0 
270.0 27.23606797749979 5.0 
267.2360679774998 30.0 5.0 
262.7639320225002 30.0 5.0 
262.7639320225002 22.76393202250021 5.0 
267.2360679774998 22.76393202250021 5.0 
267.2360679774998 27.23606797749979 5.0 
262.7639320225002 27.23606797749979 5.0 
280.0 30.0 5.0 
280.0 22.76393202250021 5.0 
280.0 27.23606797749979 5.0 
277.2360679774998 30.0 5.0 
272.7639320225002 30.0 5.0 
272.7639320225002 22.76393202250021 5.0 
277.2360679774998 22.76393202250021 5.0 
277.2360679774998 27.23606797749979 5.0 
272.7639320225002 27.23606797749979 5.0 
290.0 30.0 5.0 
290.0 22.76393202250021 5.0 
290.0 27.23606797749979 5.0 
287.2360679774998 30.0 5.0 
282.7639320225002 30.0 5.0 
282.7639320225002 22.76393202250021 5.0 
287.2360679774998 22.76393202250021 5.0 
287.2360679774998 27.23606797749979 5.0 
282.7639320225002 27.23606797749979 5.0 
300.0 30.0 5.0 
300.0 22.76393202250021 5.0 
300.0 27.23606797749979 5.0 
297.2360679774998 30.0 5.0 
292.7639320225002 30.0 5.0 
292.7639320225002 22.76393202250021 5.0 
297.2360679774998 22.76393202250021 5.0 
297.2360679774998 27.23606797749979 5.0 
292.7639320225002 27.23606797749979 5.0 
200.0 40.0 5.0 
200.0 32.763932022500214 5.0 
200.0 37.236067977499786 5.0 
210.0 40.0 5.0 
210.0 32.763932022500214 5.0 
210.0 37.236067977499786 5.0 
207.2360679774998 40.0 5.0 
202.7639320225002 40.0 5.0 
202.7639320225002 32.763932022500214 5.0 
207.2360679774998 32.763932022500214 5.0 
207.2360679774998 37.236067977499786 5.0 
202.7639320225002 37.236067977499786 5.0 
220.0 40.0 5.0 
220.0 32.763932022500214 5.0 
220.0 37.236067977499786 5.0 
217.2360679774998 40.0 5.0 
212.7639320225002 40.0 5.0 
212.7639320225002 32.763932022500214 5.0 
217.2360679774998 32.763932022500214 5.0 
217.2360679774998 37.236067977499786 5.0 
212.7639320225002 37.236067977499786 5.0 
230.0 40.0 5.0 
230.0 32.763932022500214 5.0 
230.0 37.236067977499786 5.0 
227.2360679774998 40.0 5.0 
222.7639320225002 40.0 5.0 
222.7639320225002 32.763932022500214 5.0 
227.2360679774998 32.763932022500214 5.0 
227.2360679774998 37.236067977499786 5.0 
222.7639320225002 37.236067977499786 5.0 
240.0 40.0 5.0 
240.0 32.763932022500214 5.0 
240.0 37.236067977499786 5.0 
237.2360679774998 40.0 5.0 
232.7639320225002 40.0 5.0 
232.7639320225002 32.763932022500214 5.0 
237.2360679774998 32.763932022500214 5.0 
237.2360679774998 37.236067977499786 5.0 
232.7639320225002 37.236067977499786 5.0 
250.0 40.0 5.0 
250.0 32.763932022500214 5.0 
250.0 37.236067977499786 5.0 
247.2360679774998 40.0 5.0 
242.7639320225002 40.0 5.0 
242.7639320225002 32.763932022500214 5.0 
247.2360679774998 32.763932022500214 5.0 
247.2360679774998 37.236067977499786 5.0 
242.7639320225002 37.236067977499786 5.0 
260.0 40.0 5.0 
260.0 32.763932022500214 5.0 
260.0 37.236067977499786 5.0 
257.2360679774998 40.0 5.0 
252.7639320225002 40.0 5.0 
252.7639320225002 32.763932022500214 5.0 
257.2360679774998 32.763932022500214 5.0 
257.2360679774998 37.236067977499786 5.0 
252.7639320225002 37.236067977499786 5.0 
270.0 40.0 5.0 
270.0 32.763932022500214 5.0 
270.0 37.236067977499786 5.0 
267.2360679774998 40.0 5.0 
262.7639320225002 40.0 5.0 
262.7639320225002 32.763932022500214 5.0 
267.2360679774998 32.763932022500214 5.0 
267.2360679774998 37.236067977499786 5.0 
262.7639320225002 37.236067977499786 5.0 
280.0 40.0 5.0 
280.0 32.763932022500214 5.0 
280.0 37.236067977499786 5.0 
277.2360679774998 40.0 5.0 
272.7639320225002 40.0 5.0 
272.7639320225002 32.763932022500214 5.0 
277.2360679774998 32.763932022500214 5.0 
277.2360679774998 37.236067977499786 5.0 
272.7639320225002 37.236067977499786 5.0 
290.0 40.0 5.0 
290.0 32.763932022500214 5.0 
290.0 37.236067977499786 5.0 
287.2360679774998 40.0 5.0 
282.7639320225002 40.0 5.0 
282.7639320225002 32.763932022500214 5.0 
287.2360679774998 32.763932022500214 5.0 
287.2360679774998 37.236067977499786 5.0 
282.7639320225002 37.236067977499786 5.0 
300.0 40.0 5.0 
300.0 32.763932022500214 5.0 
300.0 37.236067977499786 5.0 
297.2360679774998 40.0 5.0 
292.7639320225002 40.0 5.0 
292.7639320225002 32.763932022500214 5.0 
297.2360679774998 32.763932022500214 5.0 
297.2360679774998 37.236067977499786 5.0 
292.7639320225002 37.236067977499786 5.0 
200.0 50.0 5.0 
200.0 42.763932022500214 5.0 
200.0 47.236067977499786 5.0 
210.0 50.0 5.0 
210.0 42.763932022500214 5.0 
210.0 47.236067977499786 5.0 
207.2360679774998 50.0 5.0 
202.7639320225002 50.0 5.0 
202.7639320225002 42.763932022500214 5.0 
207.2360679774998 42.763932022500214 5.0 
207.2360679774998 47.236067977499786 5.0 
202.7639320225002 47.236067977499786 5.0 
220.0 50.0 5.0 
220.0 42.763932022500214 5.0 
220.0 47.236067977499786 5.0 
217.2360679774998 50.0 5.0 
212.7639320225002 50.0 5.0 
212.7639320225002 42.763932022500214 5.0 
217.2360679774998 42.763932022500214 5.0 
217.2360679774998 47.236067977499786 5.0 
212.7639320225002 47.236067977499786 5.0 
230.0 50.0 5.0 
230.0 42.763932022500214 5.0 
230.0 47.236067977499786 5.0 
227.2360679774998 50.0 5.0 
222.7639320225002 50.0 5.0 
222.7639320225002 42.763932022500214 5.0 
227.2360679774998 42.763932022500214 5.0 
227.2360679774998 47.236067977499786 5.0 
222.7639320225002 47.236067977499786 5.0 
240.0 50.0 5.0 
240.0 42.763932022500214 5.0 
240.0 47.236067977499786 5.0 
237.2360679774998 50.0 5.0 
232.7639320225002 50.0 5.0 
232.7639320225002 42.763932022500214 5.0 
237.2360679774998 42.763932022500214 5.0 
237.2360679774998 47.236067977499786 5.0 
232.7639320225002 47.236067977499786 5.0 
250.0 50.0 5.0 
250.0 42.763932022500214 5.0 
250.0 47.236067977499786 5.0 
247.2360679774998 50.0 5.0 
242.7639320225002 50.0 5.0 
242.7639320225002 42.763932022500214 5.0 
247.2360679774998 42.763932022500214 5.0 
247.2360679774998 47.236067977499786 5.0 
242.7639320225002 47.236067977499786 5.0 
260.0 50.0 5.0 
260.0 42.763932022500214 5.0 
260.0 47.236067977499786 5.0 
257.2360679774998 50.0 5.0 
252.7639320225002 50.0 5.0 
252.7639320225002 42.763932022500214 5.0 
257.2360679774998 42.763932022500214 5.0 
257.2360679774998 47.236067977499786 5.0 
252.7639320225002 47.236067977499786 5.0 
270.0 50.0 5.0 
270.0 42.763932022500214 5.0 
270.0 47.236067977499786 5.0 
267.2360679774998 50.0 5.0 
262.7639320225002 50.0 5.0 
262.7639320225002 42.763932022500214 5.0 
267.2360679774998 42.763932022500214 5.0 
267.2360679774998 47.236067977499786 5.0 
262.7639320225002 47.236067977499786 5.0 
280.0 50.0 5.0 
280.0 42.763932022500214 5.0 
280.0 47.236067977499786 5.0 
277.2360679774998 50.0 5.0 
272.7639320225002 50.0 5.0 
272.7639320225002 42.763932022500214 5.0 
277.2360679774998 42.763932022500214 5.0 
277.2360679774998 47.236067977499786 5.0 
272.7639320225002 47.236067977499786 5.0 
290.0 50.0 5.0 
290.0 42.763932022500214 5.0 
290.0 47.236067977499786 5.0 
287.2360679774998 50.0 5.0 
282.7639320225002 50.0 5.0 
282.7639320225002 42.763932022500214 5.0 
287.2360679774998 42.763932022500214 5.0 
287.2360679774998 47.236067977499786 5.0 
282.7639320225002 47.236067977499786 5.0 
300.0 50.0 5.0 
300.0 42.763932022500214 5.0 
300.0 47.236067977499786 5.0 
297.2360679774998 50.0 5.0 
292.7639320225002 50.0 5.0 
292.7639320225002 42.763932022500214 5.0 
297.2360679774998 42.763932022500214 5.0 
297.2360679774998 47.236067977499786 5.0 
292.7639320225002 47.236067977499786 5.0 
200.0 60.0 5.0 
200.0 52.763932022500214 5.0 
200.0 57.236067977499786 5.0 
210.0 60.0 5.0 
210.0 52.763932022500214 5.0 
210.0 57.236067977499786 5.0 
207.2360679774998 60.0 5.0 
202.7639320225002 60.0 5.0 
202.7639320225002 52.763932022500214 5.0 
207.2360679774998 52.763932022500214 5.0 
207.2360679774998 57.236067977499786 5.0 
202.7639320225002 57.236067977499786 5.0 
220.0 60.0 5.0 
220.0 52.763932022500214 5.0 
220.0 57.236067977499786 5.0 
217.2360679774998 60.0 5.0 
212.7639320225002 60.0 5.0 
212.7639320225002 52.763932022500214 5.0 
217.2360679774998 52.763932022500214 5.0 
217.2360679774998 57.236067977499786 5.0 
212.7639320225002 57.236067977499786 5.0 
230.0 60.0 5.0 
230.0 52.763932022500214 5.0 
230.0 57.236067977499786 5.0 
227.2360679774998 60.0 5.0 
222.7639320225002 60.0 5.0 
222.7639320225002 52.763932022500214 5.0 
227.2360679774998 52.763932022500214 5.0 
227.2360679774998 57.236067977499786 5.0 
222.7639320225002 57.236067977499786 5.0 
240.0 60.0 5.0 
240.0 52.763932022500214 5.0 
240.0 57.236067977499786 5.0 
237.2360679774998 60.0 5.0 
232.7639320225002 60.0 5.0 
232.7639320225002 52.763932022500214 5.0 
237.2360679774998 52.763932022500214 5.0 
237.2360679774998 57.236067977499786 5.0 
232.7639320225002 57.236067977499786 5.0 
250.0 60.0 5.0 
250.0 52.763932022500214 5.0 
250.0 57.236067977499786 5.0 
247.2360679774998 60.0 5.0 
242.7639320225002 60.0 5.0 
242.7639320225002 52.763932022500214 5.0 
247.2360679774998 52.763932022500214 5.0 
247.2360679774998 57.236067977499786 5.0 
242.7639320225002 57.236067977499786 5.0 
260.0 60.0 5.0 
260.0 52.763932022500214 5.0 
260.0 57.236067977499786 5.0 
257.2360679774998 60.0 5.0 
252.7639320225002 60.0 5.0 
252.7639320225002 52.763932022500214 5.0 
257.2360679774998 52.763932022500214 5.0 
257.2360679774998 57.236067977499786 5.0 
252.7639320225002 57.236067977499786 5.0 
270.0 60.0 5.0 
270.0 52.763932022500214 5.0 
270.0 57.236067977499786 5.0 
267.2360679774998 60.0 5.0 
262.7639320225002 60.0 5.0 
262.7639320225002 52.763932022500214 5.0 
267.2360679774998 52.763932022500214 5.0 
267.2360679774998 57.236067977499786 5.0 
262.7639320225002 57.236067977499786 5.0 
280.0 60.0 5.0 
280.0 52.763932022500214 5.0 
280.0 57.236067977499786 5.0 
277.2360679774998 60.0 5.0 
272.7639320225002 60.0 5.0 
272.7639320225002 52.763932022500214 5.0 
277.2360679774998 52.763932022500214 5.0 
277.2360679774998 57.236067977499786 5.0 
272.7639320225002 57.236067977499786 5.0 
290.0 60.0 5.0 
290.0 52.763932022500214 5.0 
290.0 57.236067977499786 5.0 
287.2360679774998 60.0 5.0 
282.7639320225002 60.0 5.0 
282.7639320225002 52.763932022500214 5.0 
287.2360679774998 52.763932022500214 5.0 
287.2360679774998 57.236067977499786 5.0 
282.7639320225002 57.236067977499786 5.0 
300.0 60.0 5.0 
300.0 52.763932022500214 5.0 
300.0 57.236067977499786 5.0 
297.2360679774998 60.0 5.0 
292.7639320225002 60.0 5.0 
292.7639320225002 52.763932022500214 5.0 
297.2360679774998 52.763932022500214 5.0 
297.2360679774998 57.236067977499786 5.0 
292.7639320225002 57.236067977499786 5.0 
200.0 70.0 5.0 
200.0 62.763932022500214 5.0 
200.0 67.23606797749979 5.0 
210.0 70.0 5.0 
210.0 62.763932022500214 5.0 
210.0 67.23606797749979 5.0 
207.2360679774998 70.0 5.0 
202.7639320225002 70.0 5.0 
202.7639320225002 62.763932022500214 5.0 
207.2360679774998 62.763932022500214 5.0 
207.2360679774998 67.23606797749979 5.0 
202.7639320225002 67.23606797749979 5.0 
220.0 70.0 5.0 
220.0 62.763932022500214 5.0 
220.0 67.23606797749979 5.0 
217.2360679774998 70.0 5.0 
212.7639320225002 70.0 5.0 
212.7639320225002 62.763932022500214 5.0 
217.2360679774998 62.763932022500214 5.0 
217.2360679774998 67.23606797749979 5.0 
212.7639320225002 67.23606797749979 5.0 
230.0 70.0 5.0 
230.0 62.763932022500214 5.0 
230.0 67.23606797749979 5.0 
227.2360679774998 70.0 5.0 
222.7639320225002 70.0 5.0 
222.7639320225002 62.763932022500214 5.0 
227.2360679774998 62.763932022500214 5.0 
227.2360679774998 67.23606797749979 5.0 
222.7639320225002 67.23606797749979 5.0 
240.0 70.0 5.0 
240.0 62.763932022500214 5.0 
240.0 67.23606797749979 5.0 
237.2360679774998 70.0 5.0 
232.7639320225002 70.0 5.0 
232.7639320225002 62.763932022500214 5.0 
237.2360679774998 62.763932022500214 5.0 
237.2360679774998 67.23606797749979 5.0 
232.7639320225002 67.23606797749979 5.0 
250.0 70.0 5.0 
250.0 62.763932022500214 5.0 
250.0 67.23606797749979 5.0 
247.2360679774998 70.0 5.0 
242.7639320225002 70.0 5.0 
242.7639320225002 62.763932022500214 5.0 
247.2360679774998 62.763932022500214 5.0 
247.2360679774998 67.23606797749979 5.0 
242.7639320225002 67.23606797749979 5.0 
260.0 70.0 5.0 
260.0 62.763932022500214 5.0 
260.0 67.23606797749979 5.0 
257.2360679774998 70.0 5.0 
252.7639320225002 70.0 5.0 
252.7639320225002 62.763932022500214 5.0 
257.2360679774998 62.763932022500214 5.0 
257.2360679774998 67.23606797749979 5.0 
252.7639320225002 67.23606797749979 5.0 
270.0 70.0 5.0 
270.0 62.763932022500214 5.0 
270.0 67.23606797749979 5.0 
267.2360679774998 70.0 5.0 
262.7639320225002 70.0 5.0 
262.7639320225002 62.763932022500214 5.0 
267.2360679774998 62.763932022500214 5.0 
267.2360679774998 67.23606797749979 5.0 
262.7639320225002 67.23606797749979 5.0 
280.0 70.0 5.0 
280.0 62.763932022500214 5.0 
280.0 67.23606797749979 5.0 
277.2360679774998 70.0 5.0 
272.7639320225002 70.0 5.0 
272.7639320225002 62.763932022500214 5.0 
277.2360679774998 62.763932022500214 5.0 
277.2360679774998 67.23606797749979 5.0 
272.7639320225002 67.23606797749979 5.0 
290.0 70.0 5.0 
290.0 62.763932022500214 5.0 
290.0 67.23606797749979 5.0 
287.2360679774998 70.0 5.0 
282.7639320225002 70.0 5.0 
282.7639320225002 62.763932022500214 5.0 
287.2360679774998 62.763932022500214 5.0 
287.2360679774998 67.23606797749979 5.0 
282.7639320225002 67.23606797749979 5.0 
300.0 70.0 5.0 
300.0 62.763932022500214 5.0 
300.0 67.23606797749979 5.0 
297.2360679774998 70.0 5.0 
292.7639320225002 70.0 5.0 
292.7639320225002 62.763932022500214 5.0 
297.2360679774998 62.763932022500214 5.0 
297.2360679774998 67.23606797749979 5.0 
292.7639320225002 67.23606797749979 5.0 
200.0 80.0 5.0 
200.0 72.76393202250021 5.0 
200.0 77.23606797749979 5.0 
210.0 80.0 5.0 
210.0 72.76393202250021 5.0 
210.0 77.23606797749979 5.0 
207.2360679774998 80.0 5.0 
202.7639320225002 80.0 5.0 
202.7639320225002 72.76393202250021 5.0 
207.2360679774998 72.76393202250021 5.0 
207.2360679774998 77.23606797749979 5.0 
202.7639320225002 77.23606797749979 5.0 
220.0 80.0 5.0 
220.0 72.76393202250021 5.0 
220.0 77.23606797749979 5.0 
217.2360679774998 80.0 5.0 
212.7639320225002 80.0 5.0 
212.7639320225002 72.76393202250021 5.0 
217.2360679774998 72.76393202250021 5.0 
217.2360679774998 77.23606797749979 5.0 
212.7639320225002 77.23606797749979 5.0 
230.0 80.0 5.0 
230.0 72.76393202250021 5.0 
230.0 77.23606797749979 5.0 
227.2360679774998 80.0 5.0 
222.7639320225002 80.0 5.0 
222.7639320225002 72.76393202250021 5.0 
227.2360679774998 72.76393202250021 5.0 
227.2360679774998 77.23606797749979 5.0 
222.7639320225002 77.23606797749979 5.0 
240.0 80.0 5.0 
240.0 72.76393202250021 5.0 
240.0 77.23606797749979 5.0 
237.2360679774998 80.0 5.0 
232.7639320225002 80.0 5.0 
232.7639320225002 72.76393202250021 5.0 
237.2360679774998 72.76393202250021 5.0 
237.2360679774998 77.23606797749979 5.0 
232.7639320225002 77.23606797749979 5.0 
250.0 80.0 5.0 
250.0 72.76393202250021 5.0 
250.0 77.23606797749979 5.0 
247.2360679774998 80.0 5.0 
242.7639320225002 80.0 5.0 
242.7639320225002 72.76393202250021 5.0 
247.2360679774998 72.76393202250021 5.0 
247.2360679774998 77.23606797749979 5.0 
242.7639320225002 77.23606797749979 5.0 
260.0 80.0 5.0 
260.0 72.76393202250021 5.0 
260.0 77.23606797749979 5.0 
257.2360679774998 80.0 5.0 
252.7639320225002 80.0 5.0 
252.7639320225002 72.76393202250021 5.0 
257.2360679774998 72.76393202250021 5.0 
257.2360679774998 77.23606797749979 5.0 
252.7639320225002 77.23606797749979 5.0 
270.0 80.0 5.0 
270.0 72.76393202250021 5.0 
270.0 77.23606797749979 5.0 
267.2360679774998 80.0 5.0 
262.7639320225002 80.0 5.0 
262.7639320225002 72.76393202250021 5.0 
267.2360679774998 72.76393202250021 5.0 
267.2360679774998 77.23606797749979 5.0 
262.7639320225002 77.23606797749979 5.0 
280.0 80.0 5.0 
280.0 72.76393202250021 5.0 
280.0 77.23606797749979 5.0 
277.2360679774998 80.0 5.0 
272.7639320225002 80.0 5.0 
272.7639320225002 72.76393202250021 5.0 
277.2360679774998 72.76393202250021 5.0 
277.2360679774998 77.23606797749979 5.0 
272.7639320225002 77.23606797749979 5.0 
290.0 80.0 5.0 
290.0 72.76393202250021 5.0 
290.0 77.23606797749979 5.0 
287.2360679774998 80.0 5.0 
282.7639320225002 80.0 5.0 
282.7639320225002 72.76393202250021 5.0 
287.2360679774998 72.76393202250021 5.0 
287.2360679774998 77.23606797749979 5.0 
282.7639320225002 77.23606797749979 5.0 
300.0 80.0 5.0 
300.0 72.76393202250021 5.0 
300.0 77.23606797749979 5.0 
297.2360679774998 80.0 5.0 
292.7639320225002 80.0 5.0 
292.7639320225002 72.76393202250021 5.0 
297.2360679774998 72.76393202250021 5.0 
297.2360679774998 77.23606797749979 5.0 
292.7639320225002 77.23606797749979 5.0 
200.0 90.0 5.0 
200.0 82.76393202250021 5.0 
200.0 87.23606797749979 5.0 
210.0 90.0 5.0 
210.0 82.76393202250021 5.0 
210.0 87.23606797749979 5.0 
207.2360679774998 90.0 5.0 
202.7639320225002 90.0 5.0 
202.7639320225002 82.76393202250021 5.0 
207.2360679774998 82.76393202250021 5.0 
207.2360679774998 87.23606797749979 5.0 
202.7639320225002 87.23606797749979 5.0 
220.0 90.0 5.0 
220.0 82.76393202250021 5.0 
220.0 87.23606797749979 5.0 
217.2360679774998 90.0 5.0 
212.7639320225002 90.0 5.0 
212.7639320225002 82.76393202250021 5.0 
217.2360679774998 82.76393202250021 5.0 
217.2360679774998 87.23606797749979 5.0 
212.7639320225002 87.23606797749979 5.0 
230.0 90.0 5.0 
230.0 82.76393202250021 5.0 
230.0 87.23606797749979 5.0 
227.2360679774998 90.0 5.0 
222.7639320225002 90.0 5.0 
222.7639320225002 82.76393202250021 5.0 
227.2360679774998 82.76393202250021 5.0 
227.2360679774998 87.23606797749979 5.0 
222.7639320225002 87.23606797749979 5.0 
240.0 90.0 5.0 
240.0 82.76393202250021 5.0 
240.0 87.23606797749979 5.0 
237.2360679774998 90.0 5.0 
232.7639320225002 90.0 5.0 
232.7639320225002 82.76393202250021 5.0 
237.2360679774998 82.76393202250021 5.0 
237.2360679774998 87.23606797749979 5.0 
232.7639320225002 87.23606797749979 5.0 
250.0 90.0 5.0 
250.0 82.76393202250021 5.0 
250.0 87.23606797749979 5.0 
247.2360679774998 90.0 5.0 
242.7639320225002 90.0 5.0 
242.7639320225002 82.76393202250021 5.0 
247.2360679774998 82.76393202250021 5.0 
247.2360679774998 87.23606797749979 5.0 
242.7639320225002 87.23606797749979 5.0 
260.0 90.0 5.0 
260.0 82.76393202250021 5.0 
260.0 87.23606797749979 5.0 
257.2360679774998 90.0 5.0 
252.7639320225002 90.0 5.0 
252.7639320225002 82.76393202250021 5.0 
257.2360679774998 82.76393202250021 5.0 
257.2360679774998 87.23606797749979 5.0 
252.7639320225002 87.23606797749979 5.0 
270.0 90.0 5.0 
270.0 82.76393202250021 5.0 
270.0 87.23606797749979 5.0 
267.2360679774998 90.0 5.0 
262.7639320225002 90.0 5.0 
262.7639320225002 82.76393202250021 5.0 
267.2360679774998 82.76393202250021 5.0 
267.2360679774998 87.23606797749979 5.0 
262.7639320225002 87.23606797749979 5.0 
280.0 90.0 5.0 
280.0 82.76393202250021 5.0 
280.0 87.23606797749979 5.0 
277.2360679774998 90.0 5.0 
272.7639320225002 90.0 5.0 
272.7639320225002 82.76393202250021 5.0 
277.2360679774998 82.76393202250021 5.0 
277.2360679774998 87.23606797749979 5.0 
272.7639320225002 87.23606797749979 5.0 
290.0 90.0 5.0 
290.0 82.76393202250021 5.0 
290.0 87.23606797749979 5.0 
287.2360679774998 90.0 5.0 
282.7639320225002 90.0 5.0 
282.7639320225002 82.76393202250021 5.0 
287.2360679774998 82.76393202250021 5.0 
287.2360679774998 87.23606797749979 5.0 
282.7639320225002 87.23606797749979 5.0 
300.0 90.0 5.0 
300.0 82.76393202250021 5.0 
300.0 87.23606797749979 5.0 
297.2360679774998 90.0 5.0 
292.7639320225002 90.0 5.0 
292.7639320225002 82.76393202250021 5.0 
297.2360679774998 82.76393202250021 5.0 
297.2360679774998 87.23606797749979 5.0 
292.7639320225002 87.23606797749979 5.0 
200.0 100.0 5.0 
200.0 92.76393202250021 5.0 
200.0 97.23606797749979 5.0 
210.0 100.0 5.0 
210.0 92.76393202250021 5.0 
210.0 97.23606797749979 5.0 
207.2360679774998 100.0 5.0 
202.7639320225002 100.0 5.0 
202.7639320225002 92.76393202250021 5.0 
207.2360679774998 92.76393202250021 5.0 
207.2360679774998 97.23606797749979 5.0 
202.7639320225002 97.23606797749979 5.0 
220.0 100.0 5.0 
220.0 92.76393202250021 5.0 
220.0 97.23606797749979 5.0 
217.2360679774998 100.0 5.0 
212.7639320225002 100.0 5.0 
212.7639320225002 92.76393202250021 5.0 
217.2360679774998 92.76393202250021 5.0 
217.2360679774998 97.23606797749979 5.0 
212.7639320225002 97.23606797749979 5.0 
230.0 100.0 5.0 
230.0 92.76393202250021 5.0 
230.0 97.23606797749979 5.0 
227.2360679774998 100.0 5.0 
222.7639320225002 100.0 5.0 
222.7639320225002 92.76393202250021 5.0 
227.2360679774998 92.76393202250021 5.0 
227.2360679774998 97.23606797749979 5.0 
222.7639320225002 97.23606797749979 5.0 
240.0 100.0 5.0 
240.0 92.76393202250021 5.0 
240.0 97.23606797749979 5.0 
237.2360679774998 100.0 5.0 
232.7639320225002 100.0 5.0 
232.7639320225002 92.76393202250021 5.0 
237.2360679774998 92.76393202250021 5.0 
237.2360679774998 97.23606797749979 5.0 
232.7639320225002 97.23606797749979 5.0 
250.0 100.0 5.0 
250.0 92.76393202250021 5.0 
250.0 97.23606797749979 5.0 
247.2360679774998 100.0 5.0 
242.7639320225002 100.0 5.0 
242.7639320225002 92.76393202250021 5.0 
247.2360679774998 92.76393202250021 5.0 
247.2360679774998 97.23606797749979 5.0 
242.7639320225002 97.23606797749979 5.0 
260.0 100.0 5.0 
260.0 92.76393202250021 5.0 
260.0 97.23606797749979 5.0 
257.2360679774998 100.0 5.0 
252.7639320225002 100.0 5.0 
252.7639320225002 92.76393202250021 5.0 
257.2360679774998 92.76393202250021 5.0 
257.2360679774998 97.23606797749979 5.0 
252.7639320225002 97.23606797749979 5.0 
270.0 100.0 5.0 
270.0 92.76393202250021 5.0 
270.0 97.23606797749979 5.0 
267.2360679774998 100.0 5.0 
262.7639320225002 100.0 5.0 
262.7639320225002 92.76393202250021 5.0 
267.2360679774998 92.76393202250021 5.0 
267.2360679774998 97.23606797749979 5.0 
262.7639320225002 97.23606797749979 5.0 
280.0 100.0 5.0 
280.0 92.76393202250021 5.0 
280.0 97.23606797749979 5.0 
277.2360679774998 100.0 5.0 
272.7639320225002 100.0 5.0 
272.7639320225002 92.76393202250021 5.0 
277.2360679774998 92.76393202250021 5.0 
277.2360679774998 97.23606797749979 5.0 
272.7639320225002 97.23606797749979 5.0 
290.0 100.0 5.0 
290.0 92.76393202250021 5.0 
290.0 97.23606797749979 5.0 
287.2360679774998 100.0 5.0 
282.7639320225002 100.0 5.0 
282.7639320225002 92.76393202250021 5.0 
287.2360679774998 92.76393202250021 5.0 
287.2360679774998 97.23606797749979 5.0 
282.7639320225002 97.23606797749979 5.0 
300.0 100.0 5.0 
300.0 92.76393202250021 5.0 
300.0 97.23606797749979 5.0 
297.2360679774998 100.0 5.0 
292.7639320225002 100.0 5.0 
292.7639320225002 92.76393202250021 5.0 
297.2360679774998 92.76393202250021 5.0 
297.2360679774998 97.23606797749979 5.0 
292.7639320225002 97.23606797749979 5.0 
200.0 110.0 5.0 
200.0 102.76393202250021 5.0 
200.0 107.23606797749979 5.0 
210.0 110.0 5.0 
210.0 102.76393202250021 5.0 
210.0 107.23606797749979 5.0 
207.2360679774998 110.0 5.0 
202.7639320225002 110.0 5.0 
202.7639320225002 102.76393202250021 5.0 
207.2360679774998 102.76393202250021 5.0 
207.2360679774998 107.23606797749979 5.0 
202.7639320225002 107.23606797749979 5.0 
220.0 110.0 5.0 
220.0 102.76393202250021 5.0 
220.0 107.23606797749979 5.0 
217.2360679774998 110.0 5.0 
212.7639320225002 110.0 5.0 
212.7639320225002 102.76393202250021 5.0 
217.2360679774998 102.76393202250021 5.0 
217.2360679774998 107.23606797749979 5.0 
212.7639320225002 107.23606797749979 5.0 
230.0 110.0 5.0 
230.0 102.76393202250021 5.0 
230.0 107.23606797749979 5.0 
227.2360679774998 110.0 5.0 
222.7639320225002 110.0 5.0 
222.7639320225002 102.76393202250021 5.0 
227.2360679774998 102.76393202250021 5.0 
227.2360679774998 107.23606797749979 5.0 
222.7639320225002 107.23606797749979 5.0 
240.0 110.0 5.0 
240.0 102.76393202250021 5.0 
240.0 107.23606797749979 5.0 
237.2360679774998 110.0 5.0 
232.7639320225002 110.0 5.0 
232.7639320225002 102.76393202250021 5.0 
237.2360679774998 102.76393202250021 5.0 
237.2360679774998 107.23606797749979 5.0 
232.7639320225002 107.23606797749979 5.0 
250.0 110.0 5.0 
250.0 102.76393202250021 5.0 
250.0 107.23606797749979 5.0 
247.2360679774998 110.0 5.0 
242.7639320225002 110.0 5.0 
242.7639320225002 102.76393202250021 5.0 
247.2360679774998 102.76393202250021 5.0 
247.2360679774998 107.23606797749979 5.0 
242.7639320225002 107.23606797749979 5.0 
260.0 110.0 5.0 
260.0 102.76393202250021 5.0 
260.0 107.23606797749979 5.0 
257.2360679774998 110.0 5.0 
252.7639320225002 110.0 5.0 
252.7639320225002 102.76393202250021 5.0 
257.2360679774998 102.76393202250021 5.0 
257.2360679774998 107.23606797749979 5.0 
252.7639320225002 107.23606797749979 5.0 
270.0 110.0 5.0 
270.0 102.76393202250021 5.0 
270.0 107.23606797749979 5.0 
267.2360679774998 110.0 5.0 
262.7639320225002 110.0 5.0 
262.7639320225002 102.76393202250021 5.0 
267.2360679774998 102.76393202250021 5.0 
267.2360679774998 107.23606797749979 5.0 
262.7639320225002 107.23606797749979 5.0 
280.0 110.0 5.0 
280.0 102.76393202250021 5.0 
280.0 107.23606797749979 5.0 
277.2360679774998 110.0 5.0 
272.7639320225002 110.0 5.0 
272.7639320225002 102.76393202250021 5.0 
277.2360679774998 102.76393202250021 5.0 
277.2360679774998 107.23606797749979 5.0 
272.7639320225002 107.23606797749979 5.0 
290.0 110.0 5.0 
290.0 102.76393202250021 5.0 
290.0 107.23606797749979 5.0 
287.2360679774998 110.0 5.0 
282.7639320225002 110.0 5.0 
282.7639320225002 102.76393202250021 5.0 
287.2360679774998 102.76393202250021 5.0 
287.2360679774998 107.23606797749979 5.0 
282.7639320225002 107.23606797749979 5.0 
300.0 110.0 5.0 
300.0 102.76393202250021 5.0 
300.0 107.23606797749979 5.0 
297.2360679774998 110.0 5.0 
292.7639320225002 110.0 5.0 
292.7639320225002 102.76393202250021 5.0 
297.2360679774998 102.76393202250021 5.0 
297.2360679774998 107.23606797749979 5.0 
292.7639320225002 107.23606797749979 5.0 
200.0 120.0 5.0 
200.0 112.76393202250021 5.0 
200.0 117.23606797749979 5.0 
210.0 120.0 5.0 
210.0 112.76393202250021 5.0 
210.0 117.23606797749979 5.0 
207.2360679774998 120.0 5.0 
202.7639320225002 120.0 5.0 
202.7639320225002 112.76393202250021 5.0 
207.2360679774998 112.76393202250021 5.0 
207.2360679774998 117.23606797749979 5.0 
202.7639320225002 117.23606797749979 5.0 
220.0 120.0 5.0 
220.0 112.76393202250021 5.0 
220.0 117.23606797749979 5.0 
217.2360679774998 120.0 5.0 
212.7639320225002 120.0 5.0 
212.7639320225002 112.76393202250021 5.0 
217.2360679774998 112.76393202250021 5.0 
217.2360679774998 117.23606797749979 5.0 
212.7639320225002 117.23606797749979 5.0 
230.0 120.0 5.0 
230.0 112.76393202250021 5.0 
230.0 117.23606797749979 5.0 
227.2360679774998 120.0 5.0 
222.7639320225002 120.0 5.0 
222.7639320225002 112.76393202250021 5.0 
227.2360679774998 112.76393202250021 5.0 
227.2360679774998 117.23606797749979 5.0 
222.7639320225002 117.23606797749979 5.0 
240.0 120.0 5.0 
240.0 112.76393202250021 5.0 
240.0 117.23606797749979 5.0 
237.2360679774998 120.0 5.0 
232.7639320225002 120.0 5.0 
232.7639320225002 112.76393202250021 5.0 
237.2360679774998 112.76393202250021 5.0 
237.2360679774998 117.23606797749979 5.0 
232.7639320225002 117.23606797749979 5.0 
250.0 120.0 5.0 
250.0 112.76393202250021 5.0 
250.0 117.23606797749979 5.0 
247.2360679774998 120.0 5.0 
242.7639320225002 120.0 5.0 
242.7639320225002 112.76393202250021 5.0 
247.2360679774998 112.76393202250021 5.0 
247.2360679774998 117.23606797749979 5.0 
242.7639320225002 117.23606797749979 5.0 
260.0 120.0 5.0 
260.0 112.76393202250021 5.0 
260.0 117.23606797749979 5.0 
257.2360679774998 120.0 5.0 
252.7639320225002 120.0 5.0 
252.7639320225002 112.76393202250021 5.0 
257.2360679774998 112.76393202250021 5.0 
257.2360679774998 117.23606797749979 5.0 
252.7639320225002 117.23606797749979 5.0 
270.0 120.0 5.0 
270.0 112.76393202250021 5.0 
270.0 117.23606797749979 5.0 
267.2360679774998 120.0 5.0 
262.7639320225002 120.0 5.0 
262.7639320225002 112.76393202250021 5.0 
267.2360679774998 112.76393202250021 5.0 
267.2360679774998 117.23606797749979 5.0 
262.7639320225002 117.23606797749979 5.0 
280.0 120.0 5.0 
280.0 112.76393202250021 5.0 
280.0 117.23606797749979 5.0 
277.2360679774998 120.0 5.0 
272.7639320225002 120.0 5.0 
272.7639320225002 112.76393202250021 5.0 
277.2360679774998 112.76393202250021 5.0 
277.2360679774998 117.23606797749979 5.0 
272.7639320225002 117.23606797749979 5.0 
290.0 120.0 5.0 
290.0 112.76393202250021 5.0 
290.0 117.23606797749979 5.0 
287.2360679774998 120.0 5.0 
282.7639320225002 120.0 5.0 
282.7639320225002 112.76393202250021 5.0 
287.2360679774998 112.76393202250021 5.0 
287.2360679774998 117.23606797749979 5.0 
282.7639320225002 117.23606797749979 5.0 
300.0 120.0 5.0 
300.0 112.76393202250021 5.0 
300.0 117.23606797749979 5.0 
297.2360679774998 120.0 5.0 
292.7639320225002 120.0 5.0 
292.7639320225002 112.76393202250021 5.0 
297.2360679774998 112.76393202250021 5.0 
297.2360679774998 117.23606797749979 5.0 
292.7639320225002 117.23606797749979 5.0 
200.0 130.0 5.0 
200.0 122.76393202250021 5.0 
200.0 127.23606797749979 5.0 
210.0 130.0 5.0 
210.0 122.76393202250021 5.0 
210.0 127.23606797749979 5.0 
207.2360679774998 130.0 5.0 
202.7639320225002 130.0 5.0 
202.7639320225002 122.76393202250021 5.0 
207.2360679774998 122.76393202250021 5.0 
207.2360679774998 127.23606797749979 5.0 
202.7639320225002 127.23606797749979 5.0 
220.0 130.0 5.0 
220.0 122.76393202250021 5.0 
220.0 127.23606797749979 5.0 
217.2360679774998 130.0 5.0 
212.7639320225002 130.0 5.0 
212.7639320225002 122.76393202250021 5.0 
217.2360679774998 122.76393202250021 5.0 
217.2360679774998 127.23606797749979 5.0 
212.7639320225002 127.23606797749979 5.0 
230.0 130.0 5.0 
230.0 122.76393202250021 5.0 
230.0 127.23606797749979 5.0 
227.2360679774998 130.0 5.0 
222.7639320225002 130.0 5.0 
222.7639320225002 122.76393202250021 5.0 
227.2360679774998 122.76393202250021 5.0 
227.2360679774998 127.23606797749979 5.0 
222.7639320225002 127.23606797749979 5.0 
240.0 130.0 5.0 
240.0 122.76393202250021 5.0 
240.0 127.23606797749979 5.0 
237.2360679774998 130.0 5.0 
232.7639320225002 130.0 5.0 
232.7639320225002 122.76393202250021 5.0 
237.2360679774998 122.76393202250021 5.0 
237.2360679774998 127.23606797749979 5.0 
232.7639320225002 127.23606797749979 5.0 
250.0 130.0 5.0 
250.0 122.76393202250021 5.0 
250.0 127.23606797749979 5.0 
247.2360679774998 130.0 5.0 
242.7639320225002 130.0 5.0 
242.7639320225002 122.76393202250021 5.0 
247.2360679774998 122.76393202250021 5.0 
247.2360679774998 127.23606797749979 5.0 
242.7639320225002 127.23606797749979 5.0 
260.0 130.0 5.0 
260.0 122.76393202250021 5.0 
260.0 127.23606797749979 5.0 
257.2360679774998 130.0 5.0 
252.7639320225002 130.0 5.0 
252.7639320225002 122.76393202250021 5.0 
257.2360679774998 122.76393202250021 5.0 
257.2360679774998 127.23606797749979 5.0 
252.7639320225002 127.23606797749979 5.0 
270.0 130.0 5.0 
270.0 122.76393202250021 5.0 
270.0 127.23606797749979 5.0 
267.2360679774998 130.0 5.0 
262.7639320225002 130.0 5.0 
262.7639320225002 122.76393202250021 5.0 
267.2360679774998 122.76393202250021 5.0 
267.2360679774998 127.23606797749979 5.0 
262.7639320225002 127.23606797749979 5.0 
280.0 130.0 5.0 
280.0 122.76393202250021 5.0 
280.0 127.23606797749979 5.0 
277.2360679774998 130.0 5.0 
272.7639320225002 130.0 5.0 
272.7639320225002 122.76393202250021 5.0 
277.2360679774998 122.76393202250021 5.0 
277.2360679774998 127.23606797749979 5.0 
272.7639320225002 127.23606797749979 5.0 
290.0 130.0 5.0 
290.0 122.76393202250021 5.0 
290.0 127.23606797749979 5.0 
287.2360679774998 130.0 5.0 
282.7639320225002 130.0 5.0 
282.7639320225002 122.76393202250021 5.0 
287.2360679774998 122.76393202250021 5.0 
287.2360679774998 127.23606797749979 5.0 
282.7639320225002 127.23606797749979 5.0 
300.0 130.0 5.0 
300.0 122.76393202250021 5.0 
300.0 127.23606797749979 5.0 
297.2360679774998 130.0 5.0 
292.7639320225002 130.0 5.0 
292.7639320225002 122.76393202250021 5.0 
297.2360679774998 122.76393202250021 5.0 
297.2360679774998 127.23606797749979 5.0 
292.7639320225002 127.23606797749979 5.0 
200.0 140.0 5.0 
200.0 132.7639320225002 5.0 
200.0 137.2360679774998 5.0 
210.0 140.0 5.0 
210.0 132.7639320225002 5.0 
210.0 137.2360679774998 5.0 
207.2360679774998 140.0 5.0 
202.7639320225002 140.0 5.0 
202.7639320225002 132.7639320225002 5.0 
207.2360679774998 132.7639320225002 5.0 
207.2360679774998 137.2360679774998 5.0 
202.7639320225002 137.2360679774998 5.0 
220.0 140.0 5.0 
220.0 132.7639320225002 5.0 
220.0 137.2360679774998 5.0 
217.2360679774998 140.0 5.0 
212.7639320225002 140.0 5.0 
212.7639320225002 132.7639320225002 5.0 
217.2360679774998 132.7639320225002 5.0 
217.2360679774998 137.2360679774998 5.0 
212.7639320225002 137.2360679774998 5.0 
230.0 140.0 5.0 
230.0 132.7639320225002 5.0 
230.0 137.2360679774998 5.0 
227.2360679774998 140.0 5.0 
222.7639320225002 140.0 5.0 
222.7639320225002 132.7639320225002 5.0 
227.2360679774998 132.7639320225002 5.0 
227.2360679774998 137.2360679774998 5.0 
222.7639320225002 137.2360679774998 5.0 
240.0 140.0 5.0 
240.0 132.7639320225002 5.0 
240.0 137.2360679774998 5.0 
237.2360679774998 140.0 5.0 
232.7639320225002 140.0 5.0 
232.7639320225002 132.7639320225002 5.0 
237.2360679774998 132.7639320225002 5.0 
237.2360679774998 137.2360679774998 5.0 
232.7639320225002 137.2360679774998 5.0 
250.0 140.0 5.0 
250.0 132.7639320225002 5.0 
250.0 137.2360679774998 5.0 
247.2360679774998 140.0 5.0 
242.7639320225002 140.0 5.0 
242.7639320225002 132.7639320225002 5.0 
247.2360679774998 132.7639320225002 5.0 
247.2360679774998 137.2360679774998 5.0 
242.7639320225002 137.2360679774998 5.0 
260.0 140.0 5.0 
260.0 132.7639320225002 5.0 
260.0 137.2360679774998 5.0 
257.2360679774998 140.0 5.0 
252.7639320225002 140.0 5.0 
252.7639320225002 132.7639320225002 5.0 
257.2360679774998 132.7639320225002 5.0 
257.2360679774998 137.2360679774998 5.0 
252.7639320225002 137.2360679774998 5.0 
270.0 140.0 5.0 
270.0 132.7639320225002 5.0 
270.0 137.2360679774998 5.0 
267.2360679774998 140.0 5.0 
262.7639320225002 140.0 5.0 
262.7639320225002 132.7639320225002 5.0 
267.2360679774998 132.7639320225002 5.0 
267.2360679774998 137.2360679774998 5.0 
262.7639320225002 137.2360679774998 5.0 
280.0 140.0 5.0 
280.0 132.7639320225002 5.0 
280.0 137.2360679774998 5.0 
277.2360679774998 140.0 5.0 
272.7639320225002 140.0 5.0 
272.7639320225002 132.7639320225002 5.0 
277.2360679774998 132.7639320225002 5.0 
277.2360679774998 137.2360679774998 5.0 
272.7639320225002 137.2360679774998 5.0 
290.0 140.0 5.0 
290.0 132.7639320225002 5.0 
290.0 137.2360679774998 5.0 
287.2360679774998 140.0 5.0 
282.7639320225002 140.0 5.0 
282.7639320225002 132.7639320225002 5.0 
287.2360679774998 132.7639320225002 5.0 
287.2360679774998 137.2360679774998 5.0 
282.7639320225002 137.2360679774998 5.0 
300.0 140.0 5.0 
300.0 132.7639320225002 5.0 
300.0 137.2360679774998 5.0 
297.2360679774998 140.0 5.0 
292.7639320225002 140.0 5.0 
292.7639320225002 132.7639320225002 5.0 
297.2360679774998 132.7639320225002 5.0 
297.2360679774998 137.2360679774998 5.0 
292.7639320225002 137.2360679774998 5.0 
200.0 150.0 5.0 
200.0 142.7639320225002 5.0 
200.0 147.2360679774998 5.0 
210.0 150.0 5.0 
210.0 142.7639320225002 5.0 
210.0 147.2360679774998 5.0 
207.2360679774998 150.0 5.0 
202.7639320225002 150.0 5.0 
202.7639320225002 142.7639320225002 5.0 
207.2360679774998 142.7639320225002 5.0 
207.2360679774998 147.2360679774998 5.0 
202.7639320225002 147.2360679774998 5.0 
220.0 150.0 5.0 
220.0 142.7639320225002 5.0 
220.0 147.2360679774998 5.0 
217.2360679774998 150.0 5.0 
212.7639320225002 150.0 5.0 
212.7639320225002 142.7639320225002 5.0 
217.2360679774998 142.7639320225002 5.0 
217.2360679774998 147.2360679774998 5.0 
212.7639320225002 147.2360679774998 5.0 
230.0 150.0 5.0 
230.0 142.7639320225002 5.0 
230.0 147.2360679774998 5.0 
227.2360679774998 150.0 5.0 
222.7639320225002 150.0 5.0 
222.7639320225002 142.7639320225002 5.0 
227.2360679774998 142.7639320225002 5.0 
227.2360679774998 147.2360679774998 5.0 
222.7639320225002 147.2360679774998 5.0 
240.0 150.0 5.0 
240.0 142.7639320225002 5.0 
240.0 147.2360679774998 5.0 
237.2360679774998 150.0 5.0 
232.7639320225002 150.0 5.0 
232.7639320225002 142.7639320225002 5.0 
237.2360679774998 142.7639320225002 5.0 
237.2360679774998 147.2360679774998 5.0 
232.7639320225002 147.2360679774998 5.0 
250.0 150.0 5.0 
250.0 142.7639320225002 5.0 
250.0 147.2360679774998 5.0 
247.2360679774998 150.0 5.0 
242.7639320225002 150.0 5.0 
242.7639320225002 142.7639320225002 5.0 
247.2360679774998 142.7639320225002 5.0 
247.2360679774998 147.2360679774998 5.0 
242.7639320225002 147.2360679774998 5.0 
260.0 150.0 5.0 
260.0 142.7639320225002 5.0 
260.0 147.2360679774998 5.0 
257.2360679774998 150.0 5.0 
252.7639320225002 150.0 5.0 
252.7639320225002 142.7639320225002 5.0 
257.2360679774998 142.7639320225002 5.0 
257.2360679774998 147.2360679774998 5.0 
252.7639320225002 147.2360679774998 5.0 
270.0 150.0 5.0 
270.0 142.7639320225002 5.0 
270.0 147.2360679774998 5.0 
267.2360679774998 150.0 5.0 
262.7639320225002 150.0 5.0 
262.7639320225002 142.7639320225002 5.0 
267.2360679774998 142.7639320225002 5.0 
267.2360679774998 147.2360679774998 5.0 
262.7639320225002 147.2360679774998 5.0 
280.0 150.0 5.0 
280.0 142.7639320225002 5.0 
280.0 147.2360679774998 5.0 
277.2360679774998 150.0 5.0 
272.7639320225002 150.0 5.0 
272.7639320225002 142.7639320225002 5.0 
277.2360679774998 142.7639320225002 5.0 
277.2360679774998 147.2360679774998 5.0 
272.7639320225002 147.2360679774998 5.0 
290.0 150.0 5.0 
290.0 142.7639320225002 5.0 
290.0 147.2360679774998 5.0 
287.2360679774998 150.0 5.0 
282.7639320225002 150.0 5.0 
282.7639320225002 142.7639320225002 5.0 
287.2360679774998 142.7639320225002 5.0 
287.2360679774998 147.2360679774998 5.0 
282.7639320225002 147.2360679774998 5.0 
300.0 150.0 5.0 
300.0 142.7639320225002 5.0 
300.0 147.2360679774998 5.0 
297.2360679774998 150.0 5.0 
292.7639320225002 150.0 5.0 
292.7639320225002 142.7639320225002 5.0 
297.2360679774998 142.7639320225002 5.0 
297.2360679774998 147.2360679774998 5.0 
292.7639320225002 147.2360679774998 5.0 
200.0 160.0 5.0 
200.0 152.7639320225002 5.0 
200.0 157.2360679774998 5.0 
210.0 160.0 5.0 
210.0 152.7639320225002 5.0 
210.0 157.2360679774998 5.0 
207.2360679774998 160.0 5.0 
202.7639320225002 160.0 5.0 
202.7639320225002 152.7639320225002 5.0 
207.2360679774998 152.7639320225002 5.0 
207.2360679774998 157.2360679774998 5.0 
202.7639320225002 157.2360679774998 5.0 
220.0 160.0 5.0 
220.0 152.7639320225002 5.0 
220.0 157.2360679774998 5.0 
217.2360679774998 160.0 5.0 
212.7639320225002 160.0 5.0 
212.7639320225002 152.7639320225002 5.0 
217.2360679774998 152.7639320225002 5.0 
217.2360679774998 157.2360679774998 5.0 
212.7639320225002 157.2360679774998 5.0 
230.0 160.0 5.0 
230.0 152.7639320225002 5.0 
230.0 157.2360679774998 5.0 
227.2360679774998 160.0 5.0 
222.7639320225002 160.0 5.0 
222.7639320225002 152.7639320225002 5.0 
227.2360679774998 152.7639320225002 5.0 
227.2360679774998 157.2360679774998 5.0 
222.7639320225002 157.2360679774998 5.0 
240.0 160.0 5.0 
240.0 152.7639320225002 5.0 
240.0 157.2360679774998 5.0 
237.2360679774998 160.0 5.0 
232.7639320225002 160.0 5.0 
232.7639320225002 152.7639320225002 5.0 
237.2360679774998 152.7639320225002 5.0 
237.2360679774998 157.2360679774998 5.0 
232.7639320225002 157.2360679774998 5.0 
250.0 160.0 5.0 
250.0 152.7639320225002 5.0 
250.0 157.2360679774998 5.0 
247.2360679774998 160.0 5.0 
242.7639320225002 160.0 5.0 
242.7639320225002 152.7639320225002 5.0 
247.2360679774998 152.7639320225002 5.0 
247.2360679774998 157.2360679774998 5.0 
242.7639320225002 157.2360679774998 5.0 
260.0 160.0 5.0 
260.0 152.7639320225002 5.0 
260.0 157.2360679774998 5.0 
257.2360679774998 160.0 5.0 
252.7639320225002 160.0 5.0 
252.7639320225002 152.7639320225002 5.0 
257.2360679774998 152.7639320225002 5.0 
257.2360679774998 157.2360679774998 5.0 
252.7639320225002 157.2360679774998 5.0 
270.0 160.0 5.0 
270.0 152.7639320225002 5.0 
270.0 157.2360679774998 5.0 
267.2360679774998 160.0 5.0 
262.7639320225002 160.0 5.0 
262.7639320225002 152.7639320225002 5.0 
267.2360679774998 152.7639320225002 5.0 
267.2360679774998 157.2360679774998 5.0 
262.7639320225002 157.2360679774998 5.0 
280.0 160.0 5.0 
280.0 152.7639320225002 5.0 
280.0 157.2360679774998 5.0 
277.2360679774998 160.0 5.0 
272.7639320225002 160.0 5.0 
272.7639320225002 152.7639320225002 5.0 
277.2360679774998 152.7639320225002 5.0 
277.2360679774998 157.2360679774998 5.0 
272.7639320225002 157.2360679774998 5.0 
290.0 160.0 5.0 
290.0 152.7639320225002 5.0 
290.0 157.2360679774998 5.0 
287.2360679774998 160.0 5.0 
282.7639320225002 160.0 5.0 
282.7639320225002 152.7639320225002 5.0 
287.2360679774998 152.7639320225002 5.0 
287.2360679774998 157.2360679774998 5.0 
282.7639320225002 157.2360679774998 5.0 
300.0 160.0 5.0 
300.0 152.7639320225002 5.0 
300.0 157.2360679774998 5.0 
297.2360679774998 160.0 5.0 
292.7639320225002 160.0 5.0 
292.7639320225002 152.7639320225002 5.0 
297.2360679774998 152.7639320225002 5.0 
297.2360679774998 157.2360679774998 5.0 
292.7639320225002 157.2360679774998 5.0 
200.0 170.0 5.0 
200.0 162.7639320225002 5.0 
200.0 167.2360679774998 5.0 
210.0 170.0 5.0 
210.0 162.7639320225002 5.0 
210.0 167.2360679774998 5.0 
207.2360679774998 170.0 5.0 
202.7639320225002 170.0 5.0 
202.7639320225002 162.7639320225002 5.0 
207.2360679774998 162.7639320225002 5.0 
207.2360679774998 167.2360679774998 5.0 
202.7639320225002 167.2360679774998 5.0 
220.0 170.0 5.0 
220.0 162.7639320225002 5.0 
220.0 167.2360679774998 5.0 
217.2360679774998 170.0 5.0 
212.7639320225002 170.0 5.0 
212.7639320225002 162.7639320225002 5.0 
217.2360679774998 162.7639320225002 5.0 
217.2360679774998 167.2360679774998 5.0 
212.7639320225002 167.2360679774998 5.0 
230.0 170.0 5.0 
230.0 162.7639320225002 5.0 
230.0 167.2360679774998 5.0 
227.2360679774998 170.0 5.0 
222.7639320225002 170.0 5.0 
222.7639320225002 162.7639320225002 5.0 
227.2360679774998 162.7639320225002 5.0 
227.2360679774998 167.2360679774998 5.0 
222.7639320225002 167.2360679774998 5.0 
240.0 170.0 5.0 
240.0 162.7639320225002 5.0 
240.0 167.2360679774998 5.0 
237.2360679774998 170.0 5.0 
232.7639320225002 170.0 5.0 
232.7639320225002 162.7639320225002 5.0 
237.2360679774998 162.7639320225002 5.0 
237.2360679774998 167.2360679774998 5.0 
232.7639320225002 167.2360679774998 5.0 
250.0 170.0 5.0 
250.0 162.7639320225002 5.0 
250.0 167.2360679774998 5.0 
247.2360679774998 170.0 5.0 
242.7639320225002 170.0 5.0 
242.7639320225002 162.7639320225002 5.0 
247.2360679774998 162.7639320225002 5.0 
247.2360679774998 167.2360679774998 5.0 
242.7639320225002 167.2360679774998 5.0 
260.0 170.0 5.0 
260.0 162.7639320225002 5.0 
260.0 167.2360679774998 5.0 
257.2360679774998 170.0 5.0 
252.7639320225002 170.0 5.0 
252.7639320225002 162.7639320225002 5.0 
257.2360679774998 162.7639320225002 5.0 
257.2360679774998 167.2360679774998 5.0 
252.7639320225002 167.2360679774998 5.0 
270.0 170.0 5.0 
270.0 162.7639320225002 5.0 
270.0 167.2360679774998 5.0 
267.2360679774998 170.0 5.0 
262.7639320225002 170.0 5.0 
262.7639320225002 162.7639320225002 5.0 
267.2360679774998 162.7639320225002 5.0 
267.2360679774998 167.2360679774998 5.0 
262.7639320225002 167.2360679774998 5.0 
280.0 170.0 5.0 
280.0 162.7639320225002 5.0 
280.0 167.2360679774998 5.0 
277.2360679774998 170.0 5.0 
272.7639320225002 170.0 5.0 
272.7639320225002 162.7639320225002 5.0 
277.2360679774998 162.7639320225002 5.0 
277.2360679774998 167.2360679774998 5.0 
272.7639320225002 167.2360679774998 5.0 
290.0 170.0 5.0 
290.0 162.7639320225002 5.0 
290.0 167.2360679774998 5.0 
287.2360679774998 170.0 5.0 
282.7639320225002 170.0 5.0 
282.7639320225002 162.7639320225002 5.0 
287.2360679774998 162.7639320225002 5.0 
287.2360679774998 167.2360679774998 5.0 
282.7639320225002 167.2360679774998 5.0 
300.0 170.0 5.0 
300.0 162.7639320225002 5.0 
300.0 167.2360679774998 5.0 
297.2360679774998 170.0 5.0 
292.7639320225002 170.0 5.0 
292.7639320225002 162.7639320225002 5.0 
297.2360679774998 162.7639320225002 5.0 
297.2360679774998 167.2360679774998 5.0 
292.7639320225002 167.2360679774998 5.0 
200.0 180.0 5.0 
200.0 172.7639320225002 5.0 
200.0 177.2360679774998 5.0 
210.0 180.0 5.0 
210.0 172.7639320225002 5.0 
210.0 177.2360679774998 5.0 
207.2360679774998 180.0 5.0 
202.7639320225002 180.0 5.0 
202.7639320225002 172.7639320225002 5.0 
207.2360679774998 172.7639320225002 5.0 
207.2360679774998 177.2360679774998 5.0 
202.7639320225002 177.2360679774998 5.0 
220.0 180.0 5.0 
220.0 172.7639320225002 5.0 
220.0 177.2360679774998 5.0 
217.2360679774998 180.0 5.0 
212.7639320225002 180.0 5.0 
212.7639320225002 172.7639320225002 5.0 
217.2360679774998 172.7639320225002 5.0 
217.2360679774998 177.2360679774998 5.0 
212.7639320225002 177.2360679774998 5.0 
230.0 180.0 5.0 
230.0 172.7639320225002 5.0 
230.0 177.2360679774998 5.0 
227.2360679774998 180.0 5.0 
222.7639320225002 180.0 5.0 
222.7639320225002 172.7639320225002 5.0 
227.2360679774998 172.7639320225002 5.0 
227.2360679774998 177.2360679774998 5.0 
222.7639320225002 177.2360679774998 5.0 
240.0 180.0 5.0 
240.0 172.7639320225002 5.0 
240.0 177.2360679774998 5.0 
237.2360679774998 180.0 5.0 
232.7639320225002 180.0 5.0 
232.7639320225002 172.7639320225002 5.0 
237.2360679774998 172.7639320225002 5.0 
237.2360679774998 177.2360679774998 5.0 
232.7639320225002 177.2360679774998 5.0 
250.0 180.0 5.0 
250.0 172.7639320225002 5.0 
250.0 177.2360679774998 5.0 
247.2360679774998 180.0 5.0 
242.7639320225002 180.0 5.0 
242.7639320225002 172.7639320225002 5.0 
247.2360679774998 172.7639320225002 5.0 
247.2360679774998 177.2360679774998 5.0 
242.7639320225002 177.2360679774998 5.0 
260.0 180.0 5.0 
260.0 172.7639320225002 5.0 
260.0 177.2360679774998 5.0 
257.2360679774998 180.0 5.0 
252.7639320225002 180.0 5.0 
252.7639320225002 172.7639320225002 5.0 
257.2360679774998 172.7639320225002 5.0 
257.2360679774998 177.2360679774998 5.0 
252.7639320225002 177.2360679774998 5.0 
270.0 180.0 5.0 
270.0 172.7639320225002 5.0 
270.0 177.2360679774998 5.0 
267.2360679774998 180.0 5.0 
262.7639320225002 180.0 5.0 
262.7639320225002 172.7639320225002 5.0 
267.2360679774998 172.7639320225002 5.0 
267.2360679774998 177.2360679774998 5.0 
262.7639320225002 177.2360679774998 5.0 
280.0 180.0 5.0 
280.0 172.7639320225002 5.0 
280.0 177.2360679774998 5.0 
277.2360679774998 180.0 5.0 
272.7639320225002 180.0 5.0 
272.7639320225002 172.7639320225002 5.0 
277.2360679774998 172.7639320225002 5.0 
277.2360679774998 177.2360679774998 5.0 
272.7639320225002 177.2360679774998 5.0 
290.0 180.0 5.0 
290.0 172.7639320225002 5.0 
290.0 177.2360679774998 5.0 
287.2360679774998 180.0 5.0 
282.7639320225002 180.0 5.0 
282.7639320225002 172.7639320225002 5.0 
287.2360679774998 172.7639320225002 5.0 
287.2360679774998 177.2360679774998 5.0 
282.7639320225002 177.2360679774998 5.0 
300.0 180.0 5.0 
300.0 172.7639320225002 5.0 
300.0 177.2360679774998 5.0 
297.2360679774998 180.0 5.0 
292.7639320225002 180.0 5.0 
292.7639320225002 172.7639320225002 5.0 
297.2360679774998 172.7639320225002 5.0 
297.2360679774998 177.2360679774998 5.0 
292.7639320225002 177.2360679774998 5.0 
200.0 190.0 5.0 
200.0 182.7639320225002 5.0 
200.0 187.2360679774998 5.0 
210.0 190.0 5.0 
210.0 182.7639320225002 5.0 
210.0 187.2360679774998 5.0 
207.2360679774998 190.0 5.0 
202.7639320225002 190.0 5.0 
202.7639320225002 182.7639320225002 5.0 
207.2360679774998 182.7639320225002 5.0 
207.2360679774998 187.2360679774998 5.0 
202.7639320225002 187.2360679774998 5.0 
220.0 190.0 5.0 
220.0 182.7639320225002 5.0 
220.0 187.2360679774998 5.0 
217.2360679774998 190.0 5.0 
212.7639320225002 190.0 5.0 
212.7639320225002 182.7639320225002 5.0 
217.2360679774998 182.7639320225002 5.0 
217.2360679774998 187.2360679774998 5.0 
212.7639320225002 187.2360679774998 5.0 
230.0 190.0 5.0 
230.0 182.7639320225002 5.0 
230.0 187.2360679774998 5.0 
227.2360679774998 190.0 5.0 
222.7639320225002 190.0 5.0 
222.7639320225002 182.7639320225002 5.0 
227.2360679774998 182.7639320225002 5.0 
227.2360679774998 187.2360679774998 5.0 
222.7639320225002 187.2360679774998 5.0 
240.0 190.0 5.0 
240.0 182.7639320225002 5.0 
240.0 187.2360679774998 5.0 
237.2360679774998 190.0 5.0 
232.7639320225002 190.0 5.0 
232.7639320225002 182.7639320225002 5.0 
237.2360679774998 182.7639320225002 5.0 
237.2360679774998 187.2360679774998 5.0 
232.7639320225002 187.2360679774998 5.0 
250.0 190.0 5.0 
250.0 182.7639320225002 5.0 
250.0 187.2360679774998 5.0 
247.2360679774998 190.0 5.0 
242.7639320225002 190.0 5.0 
242.7639320225002 182.7639320225002 5.0 
247.2360679774998 182.7639320225002 5.0 
247.2360679774998 187.2360679774998 5.0 
242.7639320225002 187.2360679774998 5.0 
260.0 190.0 5.0 
260.0 182.7639320225002 5.0 
260.0 187.2360679774998 5.0 
257.2360679774998 190.0 5.0 
252.7639320225002 190.0 5.0 
252.7639320225002 182.7639320225002 5.0 
257.2360679774998 182.7639320225002 5.0 
257.2360679774998 187.2360679774998 5.0 
252.7639320225002 187.2360679774998 5.0 
270.0 190.0 5.0 
270.0 182.7639320225002 5.0 
270.0 187.2360679774998 5.0 
267.2360679774998 190.0 5.0 
262.7639320225002 190.0 5.0 
262.7639320225002 182.7639320225002 5.0 
267.2360679774998 182.7639320225002 5.0 
267.2360679774998 187.2360679774998 5.0 
262.7639320225002 187.2360679774998 5.0 
280.0 190.0 5.0 
280.0 182.7639320225002 5.0 
280.0 187.2360679774998 5.0 
277.2360679774998 190.0 5.0 
272.7639320225002 190.0 5.0 
272.7639320225002 182.7639320225002 5.0 
277.2360679774998 182.7639320225002 5.0 
277.2360679774998 187.2360679774998 5.0 
272.7639320225002 187.2360679774998 5.0 
290.0 190.0 5.0 
290.0 182.7639320225002 5.0 
290.0 187.2360679774998 5.0 
287.2360679774998 190.0 5.0 
282.7639320225002 190.0 5.0 
282.7639320225002 182.7639320225002 5.0 
287.2360679774998 182.7639320225002 5.0 
287.2360679774998 187.2360679774998 5.0 
282.7639320225002 187.2360679774998 5.0 
300.0 190.0 5.0 
300.0 182.7639320225002 5.0 
300.0 187.2360679774998 5.0 
297.2360679774998 190.0 5.0 
292.7639320225002 190.0 5.0 
292.7639320225002 182.7639320225002 5.0 
297.2360679774998 182.7639320225002 5.0 
297.2360679774998 187.2360679774998 5.0 
292.7639320225002 187.2360679774998 5.0 
200.0 192.7639320225002 5.0 
200.0 197.2360679774998 5.0 
210.0 192.7639320225002 5.0 
210.0 197.2360679774998 5.0 
202.7639320225002 192.7639320225002 5.0 
207.2360679774998 192.7639320225002 5.0 
207.2360679774998 197.2360679774998 5.0 
202.7639320225002 197.2360679774998 5.0 
220.0 192.7639320225002 5.0 
220.0 197.2360679774998 5.0 
212.7639320225002 192.7639320225002 5.0 
217.2360679774998 192.7639320225002 5.0 
217.2360679774998 197.2360679774998 5.0 
212.7639320225002 197.2360679774998 5.0 
230.0 192.7639320225002 5.0 
230.0 197.2360679774998 5.0 
222.7639320225002 192.7639320225002 5.0 
227.2360679774998 192.7639320225002 5.0 
227.2360679774998 197.2360679774998 5.0 
222.7639320225002 197.2360679774998 5.0 
240.0 192.7639320225002 5.0 
240.0 197.2360679774998 5.0 
232.7639320225002 192.7639320225002 5.0 
237.2360679774998 192.7639320225002 5.0 
237.2360679774998 197.2360679774998 5.0 
232.7639320225002 197.2360679774998 5.0 
250.0 192.7639320225002 5.0 
250.0 197.2360679774998 5.0 
242.7639320225002 192.7639320225002 5.0 
247.2360679774998 192.7639320225002 5.0 
247.2360679774998 197.2360679774998 5.0 
242.7639320225002 197.2360679774998 5.0 
260.0 192.7639320225002 5.0 
260.0 197.2360679774998 5.0 
252.7639320225002 192.7639320225002 5.0 
257.2360679774998 192.7639320225002 5.0 
257.2360679774998 197.2360679774998 5.0 
252.7639320225002 197.2360679774998 5.0 
270.0 192.7639320225002 5.0 
270.0 197.2360679774998 5.0 
262.7639320225002 192.7639320225002 5.0 
267.2360679774998 192.7639320225002 5.0 
267.2360679774998 197.2360679774998 5.0 
262.7639320225002 197.2360679774998 5.0 
280.0 192.7639320225002 5.0 
280.0 197.2360679774998 5.0 
272.7639320225002 192.7639320225002 5.0 
277.2360679774998 192.7639320225002 5.0 
277.2360679774998 197.2360679774998 5.0 
272.7639320225002 197.2360679774998 5.0 
290.0 192.7639320225002 5.0 
290.0 197.2360679774998 5.0 
282.7639320225002 192.7639320225002 5.0 
287.2360679774998 192.7639320225002 5.0 
287.2360679774998 197.2360679774998 5.0 
282.7639320225002 197.2360679774998 5.0 
300.0 192.7639320225002 5.0 
300.0 197.2360679774998 5.0 
292.7639320225002 192.7639320225002 5.0 
297.2360679774998 192.7639320225002 5.0 
297.2360679774998 197.2360679774998 5.0 
292.7639320225002 197.2360679774998 5.0 
